404.7	203	44	14	124	7	10	1.5250	187	56	36	139	41	28	1.3411 a
407.8	203	41	48	124	9	48	1.5246	187	55	20	139	42	16	1.3408 a
435.8	203	32	18	124	26	36	1.5221	187	44	40	139	52	36	1.3386 a
491.6	203	8	8	124	52	0	1.5175	187	29	24	140	8	10	1.3352 a
546.1	202	41	58	125	10	0	1.5134	187	18	22	140	18	38	1.3329 a
577.0	202	34	12	125	17	10	1.5120	187	13	20	140	23	40	1.3318 a
579.1	202	33	42	125	17	50	1.5119	187	13	12	140	24	6	1.3317 a
607.3	202	27	22	125	23	40	1.5107	187	10	0	140	27	42	1.3310 a
612.3	202	26	26	125	24	26	1.5106	187	8	34	140	28	42	1.3307 a
623.4	202	24	24	125	26	52	1.5102	187	7	16	140	30	0	1.3304 a
671.6	202	15	48	125	35	24	1.5085	187	1	30	140	35	30	1.3292 a
690.7	202	13	10	125	38	2	1.5080	186	59	34	140	37	48	1.3287 a
